142.564
131.758
90.790
85.660
78.744
71.759
65.461
58.042
53.780
53.672
53.203
53.143
53.030
44.149
44.052
43.824
43.550
43.533
43.404
43.332
43.304
43.247
42.764
40.338
39.996
38.251
36.907
36.315
36.197
36.016
34.826
34.744
34.303
33.720
33.140
32.760
32.103
30.439
30.213
29.450
28.298
27.344
26.114
25.900
25.651
25.417
25.049
24.189
24.120
23.298
23.275
23.206
23.102
23.028
22.878
21.911
21.397
20.977
20.929
20.904
19.590
19.411
19.260
18.975
18.796
18.635
18.194
17.615
17.200
17.170
17.139
16.463
16.226
15.941
15.675
15.586
15.566
15.188
15.092
15.034
14.390
14.318
14.293
14.001
13.872
13.304
12.504
12.374
12.371
11.904
11.802
11.782
11.775
11.696
11.654
11.498
11.092
11.085
10.663
10.560
10.489
10.469
10.030
9.736
9.685
9.632
9.559
9.433
8.890
8.788
8.740
8.442
8.043
7.948
7.774
7.762
7.669
7.538
7.295
7.200
7.165
6.683
6.551
6.533
6.412
6.130
5.867
5.601
5.410
5.303
5.293
5.167
5.054
4.812
4.699
4.669
4.591
4.576
4.571
3.974
3.958
3.710
3.637
3.558
3.372
3.212
3.181
3.042
3.042
3.012
2.998
2.991
2.970
2.711
2.586
2.557
2.538
2.512
2.330
2.269
2.265
2.244
2.242
2.081
2.068
1.990
1.927
1.855
1.791
1.775
1.703
1.700
1.666
1.641
1.634
1.559
1.452
1.410
1.395
1.390
1.354
1.255
1.242
1.195
1.045
913
878
780
771
747
604